20
1 69383 6 793-15-2777 492-86-8335 362-21-6649 059-90-0027 540-26-7763 736-72-3426
4 69383 Term Paper	167
3 69383 059-90-0027
2 69383 042-11-8456
3 69383 362-21-6649
3 69383 042-11-8456
4 69383 Final	279
2 69383 996-70-6862
2 69383 327-84-0925
2 69383 895-24-5857
3 69383 540-26-7763
5 69383 Term Paper	6 14 7 24 12 98 116
7 69383 736-72-3426 2 24 0
8 69383 Term Paper	6 14 7 24 12 98 116
8 69383 Term Paper	6 14 7 24 12 98 116
8 69383 Term Paper	6 14 7 24 12 98 116
3 69383 895-24-5857
8 69383 Term Paper	5 14 7 24 12 116
7 69383 736-72-3426 2 24 0
5 69383 Final	5 132 36 221 240 6
